Consumer-1: 80, 24, 40, 5, 41, 55, 1, 96


Consumer-0: 30, 57, 53, 33, 50, 11, 71, 17


Consumer-0: 94, 18, 7, 49, 45, 53, 20, 93


Consumer-1: 73, 65, 11, 91, 69, 94, 41, 5


Consumer-0: 13, 20, 47, 49, 39, 12, 90, 60


Consumer-1: 2, 55, 46, 81, 8, 75, 28, 37


Consumer-0: 74, 13, 56, 62, 24, 60, 17, 70


Consumer-1: 91, 12, 56, 79, 14, 15, 55, 29


Consumer-0: 5, 13, 68, 52, 84, 2, 64, 71


Consumer-1: 88, 42, 86, 80, 19, 82, 14, 61


Consumer-0: 79, 64, 95, 17, 48, 72, 57, 0


Consumer-1: 45, 64, 86, 64, 6, 84, 80, 35


Consumer-0: 42, 83, 15, 96, 87, 36, 88, 34


Consumer-1: 41, 41, 74, 69, 87, 74, 71, 14


Consumer-0: 86, 94, 11, 47, 46, 39, 17, 12


Consumer-1: 99, 67, 86, 98, 60, 43, 34, 82


Consumer-0: 85, 15, 69, 97, 2, 54, 49, 46


Consumer-1: 30, 58, 34, 61, 10, 24, 55, 16


