<Process name='Producer-1' parent=24528 started>: 19, 96, 73, 76, 80, 57, 26, 97, 36, 39, 62, 72, 4, 26, 59, 100, 17, 70, 37, 64, 50, 34, 51, 76, 48, 25, 70, 21, 4, 16, 44, 80, 58, 19, 13, 47


<Process name='Producer-2' parent=24528 started>: 19, 96, 73, 76, 80, 57, 26, 97, 36, 39, 62, 72, 4, 26, 59, 100, 17, 70, 37, 64, 50, 34, 51, 76, 48, 25, 70, 21, 4, 16, 44, 80, 58, 19, 13, 47, 2


<Process name='Producer-1' parent=24528 started>: 19, 96, 73, 76, 80, 57, 26, 97, 36, 39, 62, 72, 4, 26, 59, 100, 17, 70, 37, 64, 50, 34, 51, 76, 48, 25, 70, 21, 4, 16, 44, 80, 58, 19, 13, 47, 2, 35, 52, 89, 51, 56, 49, 1, 51, 74, 48, 72, 37, 55, 99, 91, 87, 1, 40, 62, 89, 7, 53, 37, 59, 23, 88, 63, 89, 9


<Process name='Producer-2' parent=24528 started>: 19, 96, 73, 76, 80, 57, 26, 97, 36, 39, 62, 72, 4, 26, 59, 100, 17, 70, 37, 64, 50, 34, 51, 76, 48, 25, 70, 21, 4, 16, 44, 80, 58, 19, 13, 47, 2, 35, 52, 89, 51, 56, 49, 1, 51, 74, 48, 72, 37, 55, 99, 91, 87, 1, 40, 62, 89, 7, 53, 37, 59, 23, 88, 63, 89, 9, 26


<Process name='Producer-1' parent=24528 started>: 19, 96, 73, 76, 80, 57, 26, 97, 36, 39, 62, 72, 4, 26, 59, 100, 17, 70, 37, 64, 50, 34, 51, 76, 48, 25, 70, 21, 4, 16, 44, 80, 58, 19, 13, 47, 2, 35, 52, 89, 51, 56, 49, 1, 51, 74, 48, 72, 37, 55, 99, 91, 87, 1, 40, 62, 89, 7, 53, 37, 59, 23, 88, 63, 89, 9, 26, 91, 42, 65, 50, 81, 85, 64, 79, 45, 85, 52, 13, 51, 50, 12, 94, 7, 5, 24, 64, 53, 0, 97, 70, 33, 65, 70, 33, 36


<Process name='Producer-2' parent=24528 started>: 19, 96, 73, 76, 80, 57, 26, 97, 36, 39, 62, 72, 4, 26, 59, 100, 17, 70, 37, 64, 50, 34, 51, 76, 48, 25, 70, 21, 4, 16, 44, 80, 58, 19, 13, 47, 2, 35, 52, 89, 51, 56, 49, 1, 51, 74, 48, 72, 37, 55, 99, 91, 87, 1, 40, 62, 89, 7, 53, 37, 59, 23, 88, 63, 89, 9, 26, 91, 42, 65, 50, 81, 85, 64, 79, 45, 85, 52, 13, 51, 50, 12, 94, 7, 5, 24, 64, 53, 0, 97, 70, 33, 65, 70, 33, 36, 62


<Process name='Producer-1' parent=24528 started>: 19, 96, 73, 76, 80, 57, 26, 97, 36, 39, 62, 72, 4, 26, 59, 100, 17, 70, 37, 64, 50, 34, 51, 76, 48, 25, 70, 21, 4, 16, 44, 80, 58, 19, 13, 47, 2, 35, 52, 89, 51, 56, 49, 1, 51, 74, 48, 72, 37, 55, 99, 91, 87, 1, 40, 62, 89, 7, 53, 37, 59, 23, 88, 63, 89, 9, 26, 91, 42, 65, 50, 81, 85, 64, 79, 45, 85, 52, 13, 51, 50, 12, 94, 7, 5, 24, 64, 53, 0, 97, 70, 33, 65, 70, 33, 36, 62, 75, 41, 8, 80, 19, 57, 66, 78, 49, 47, 69, 57, 52, 74, 95, 80, 25, 73, 30, 81, 12, 2, 92, 25, 96, 37, 88, 40, 28


<Process name='Producer-2' parent=24528 started>: 19, 96, 73, 76, 80, 57, 26, 97, 36, 39, 62, 72, 4, 26, 59, 100, 17, 70, 37, 64, 50, 34, 51, 76, 48, 25, 70, 21, 4, 16, 44, 80, 58, 19, 13, 47, 2, 35, 52, 89, 51, 56, 49, 1, 51, 74, 48, 72, 37, 55, 99, 91, 87, 1, 40, 62, 89, 7, 53, 37, 59, 23, 88, 63, 89, 9, 26, 91, 42, 65, 50, 81, 85, 64, 79, 45, 85, 52, 13, 51, 50, 12, 94, 7, 5, 24, 64, 53, 0, 97, 70, 33, 65, 70, 33, 36, 62, 75, 41, 8, 80, 19, 57, 66, 78, 49, 47, 69, 57, 52, 74, 95, 80, 25, 73, 30, 81, 12, 2, 92, 25, 96, 37, 88, 40, 28, 25


<Process name='Producer-1' parent=24528 started>: 19, 96, 73, 76, 80, 57, 26, 97, 36, 39, 62, 72, 4, 26, 59, 100, 17, 70, 37, 64, 50, 34, 51, 76, 48, 25, 70, 21, 4, 16, 44, 80, 58, 19, 13, 47, 2, 35, 52, 89, 51, 56, 49, 1, 51, 74, 48, 72, 37, 55, 99, 91, 87, 1, 40, 62, 89, 7, 53, 37, 59, 23, 88, 63, 89, 9, 26, 91, 42, 65, 50, 81, 85, 64, 79, 45, 85, 52, 13, 51, 50, 12, 94, 7, 5, 24, 64, 53, 0, 97, 70, 33, 65, 70, 33, 36, 62, 75, 41, 8, 80, 19, 57, 66, 78, 49, 47, 69, 57, 52, 74, 95, 80, 25, 73, 30, 81, 12, 2, 92, 25, 96, 37, 88, 40, 28, 25, 38, 2, 75, 32, 0, 77, 98, 85, 54, 92, 31, 9, 71, 17, 81, 70, 71, 54, 47, 4, 25, 34, 28, 58, 80, 12, 8, 22, 1


<Process name='Producer-2' parent=24528 started>: 19, 96, 73, 76, 80, 57, 26, 97, 36, 39, 62, 72, 4, 26, 59, 100, 17, 70, 37, 64, 50, 34, 51, 76, 48, 25, 70, 21, 4, 16, 44, 80, 58, 19, 13, 47, 2, 35, 52, 89, 51, 56, 49, 1, 51, 74, 48, 72, 37, 55, 99, 91, 87, 1, 40, 62, 89, 7, 53, 37, 59, 23, 88, 63, 89, 9, 26, 91, 42, 65, 50, 81, 85, 64, 79, 45, 85, 52, 13, 51, 50, 12, 94, 7, 5, 24, 64, 53, 0, 97, 70, 33, 65, 70, 33, 36, 62, 75, 41, 8, 80, 19, 57, 66, 78, 49, 47, 69, 57, 52, 74, 95, 80, 25, 73, 30, 81, 12, 2, 92, 25, 96, 37, 88, 40, 28, 25, 38, 2, 75, 32, 0, 77, 98, 85, 54, 92, 31, 9, 71, 17, 81, 70, 71, 54, 47, 4, 25, 34, 28, 58, 80, 12, 8, 22, 1, 53


<Process name='Producer-1' parent=24528 started>: 19, 96, 73, 76, 80, 57, 26, 97, 36, 39, 62, 72, 4, 26, 59, 100, 17, 70, 37, 64, 50, 34, 51, 76, 48, 25, 70, 21, 4, 16, 44, 80, 58, 19, 13, 47, 2, 35, 52, 89, 51, 56, 49, 1, 51, 74, 48, 72, 37, 55, 99, 91, 87, 1, 40, 62, 89, 7, 53, 37, 59, 23, 88, 63, 89, 9, 26, 91, 42, 65, 50, 81, 85, 64, 79, 45, 85, 52, 13, 51, 50, 12, 94, 7, 5, 24, 64, 53, 0, 97, 70, 33, 65, 70, 33, 36, 62, 75, 41, 8, 80, 19, 57, 66, 78, 49, 47, 69, 57, 52, 74, 95, 80, 25, 73, 30, 81, 12, 2, 92, 25, 96, 37, 88, 40, 28, 25, 38, 2, 75, 32, 0, 77, 98, 85, 54, 92, 31, 9, 71, 17, 81, 70, 71, 54, 47, 4, 25, 34, 28, 58, 80, 12, 8, 22, 1, 53, 42, 53, 86, 82, 15, 47, 5, 47, 10, 73, 52, 50, 42, 28, 40, 16, 60, 5, 25, 85, 76, 80, 38, 49, 93, 49, 22, 86, 24


<Process name='Producer-2' parent=24528 started>: 19, 96, 73, 76, 80, 57, 26, 97, 36, 39, 62, 72, 4, 26, 59, 100, 17, 70, 37, 64, 50, 34, 51, 76, 48, 25, 70, 21, 4, 16, 44, 80, 58, 19, 13, 47, 2, 35, 52, 89, 51, 56, 49, 1, 51, 74, 48, 72, 37, 55, 99, 91, 87, 1, 40, 62, 89, 7, 53, 37, 59, 23, 88, 63, 89, 9, 26, 91, 42, 65, 50, 81, 85, 64, 79, 45, 85, 52, 13, 51, 50, 12, 94, 7, 5, 24, 64, 53, 0, 97, 70, 33, 65, 70, 33, 36, 62, 75, 41, 8, 80, 19, 57, 66, 78, 49, 47, 69, 57, 52, 74, 95, 80, 25, 73, 30, 81, 12, 2, 92, 25, 96, 37, 88, 40, 28, 25, 38, 2, 75, 32, 0, 77, 98, 85, 54, 92, 31, 9, 71, 17, 81, 70, 71, 54, 47, 4, 25, 34, 28, 58, 80, 12, 8, 22, 1, 53, 42, 53, 86, 82, 15, 47, 5, 47, 10, 73, 52, 50, 42, 28, 40, 16, 60, 5, 25, 85, 76, 80, 38, 49, 93, 49, 22, 86, 24, 27


<Process name='Producer-1' parent=24528 started>: 19, 96, 73, 76, 80, 57, 26, 97, 36, 39, 62, 72, 4, 26, 59, 100, 17, 70, 37, 64, 50, 34, 51, 76, 48, 25, 70, 21, 4, 16, 44, 80, 58, 19, 13, 47, 2, 35, 52, 89, 51, 56, 49, 1, 51, 74, 48, 72, 37, 55, 99, 91, 87, 1, 40, 62, 89, 7, 53, 37, 59, 23, 88, 63, 89, 9, 26, 91, 42, 65, 50, 81, 85, 64, 79, 45, 85, 52, 13, 51, 50, 12, 94, 7, 5, 24, 64, 53, 0, 97, 70, 33, 65, 70, 33, 36, 62, 75, 41, 8, 80, 19, 57, 66, 78, 49, 47, 69, 57, 52, 74, 95, 80, 25, 73, 30, 81, 12, 2, 92, 25, 96, 37, 88, 40, 28, 25, 38, 2, 75, 32, 0, 77, 98, 85, 54, 92, 31, 9, 71, 17, 81, 70, 71, 54, 47, 4, 25, 34, 28, 58, 80, 12, 8, 22, 1, 53, 42, 53, 86, 82, 15, 47, 5, 47, 10, 73, 52, 50, 42, 28, 40, 16, 60, 5, 25, 85, 76, 80, 38, 49, 93, 49, 22, 86, 24, 27, 64, 70, 93, 76, 86, 44, 37, 62, 7, 85, 12, 0, 54, 96, 74, 52, 6, 32, 38, 17, 27, 6, 87, 37, 96, 79, 39, 87, 37


<Process name='Producer-2' parent=24528 started>: 19, 96, 73, 76, 80, 57, 26, 97, 36, 39, 62, 72, 4, 26, 59, 100, 17, 70, 37, 64, 50, 34, 51, 76, 48, 25, 70, 21, 4, 16, 44, 80, 58, 19, 13, 47, 2, 35, 52, 89, 51, 56, 49, 1, 51, 74, 48, 72, 37, 55, 99, 91, 87, 1, 40, 62, 89, 7, 53, 37, 59, 23, 88, 63, 89, 9, 26, 91, 42, 65, 50, 81, 85, 64, 79, 45, 85, 52, 13, 51, 50, 12, 94, 7, 5, 24, 64, 53, 0, 97, 70, 33, 65, 70, 33, 36, 62, 75, 41, 8, 80, 19, 57, 66, 78, 49, 47, 69, 57, 52, 74, 95, 80, 25, 73, 30, 81, 12, 2, 92, 25, 96, 37, 88, 40, 28, 25, 38, 2, 75, 32, 0, 77, 98, 85, 54, 92, 31, 9, 71, 17, 81, 70, 71, 54, 47, 4, 25, 34, 28, 58, 80, 12, 8, 22, 1, 53, 42, 53, 86, 82, 15, 47, 5, 47, 10, 73, 52, 50, 42, 28, 40, 16, 60, 5, 25, 85, 76, 80, 38, 49, 93, 49, 22, 86, 24, 27, 64, 70, 93, 76, 86, 44, 37, 62, 7, 85, 12, 0, 54, 96, 74, 52, 6, 32, 38, 17, 27, 6, 87, 37, 96, 79, 39, 87, 37, 7


<Process name='Producer-2' parent=24528 started>: 19, 96, 73, 76, 80, 57, 26, 97, 36, 39, 62, 72, 4, 26, 59, 100, 17, 70, 37, 64, 50, 34, 51, 76, 48, 25, 70, 21, 4, 16, 44, 80, 58, 19, 13, 47, 2, 35, 52, 89, 51, 56, 49, 1, 51, 74, 48, 72, 37, 55, 99, 91, 87, 1, 40, 62, 89, 7, 53, 37, 59, 23, 88, 63, 89, 9, 26, 91, 42, 65, 50, 81, 85, 64, 79, 45, 85, 52, 13, 51, 50, 12, 94, 7, 5, 24, 64, 53, 0, 97, 70, 33, 65, 70, 33, 36, 62, 75, 41, 8, 80, 19, 57, 66, 78, 49, 47, 69, 57, 52, 74, 95, 80, 25, 73, 30, 81, 12, 2, 92, 25, 96, 37, 88, 40, 28, 25, 38, 2, 75, 32, 0, 77, 98, 85, 54, 92, 31, 9, 71, 17, 81, 70, 71, 54, 47, 4, 25, 34, 28, 58, 80, 12, 8, 22, 1, 53, 42, 53, 86, 82, 15, 47, 5, 47, 10, 73, 52, 50, 42, 28, 40, 16, 60, 5, 25, 85, 76, 80, 38, 49, 93, 49, 22, 86, 24, 27, 64, 70, 93, 76, 86, 44, 37, 62, 7, 85, 12, 0, 54, 96, 74, 52, 6, 32, 38, 17, 27, 6, 87, 37, 96, 79, 39, 87, 37, 7, 37, 1, 52, 100, 62, 48, 78, 20, 22, 5, 98, 60, 88, 99, 76, 61, 81


<Process name='Producer-2' parent=24528 started>: 19, 96, 73, 76, 80, 57, 26, 97, 36, 39, 62, 72, 4, 26, 59, 100, 17, 70, 37, 64, 50, 34, 51, 76, 48, 25, 70, 21, 4, 16, 44, 80, 58, 19, 13, 47, 2, 35, 52, 89, 51, 56, 49, 1, 51, 74, 48, 72, 37, 55, 99, 91, 87, 1, 40, 62, 89, 7, 53, 37, 59, 23, 88, 63, 89, 9, 26, 91, 42, 65, 50, 81, 85, 64, 79, 45, 85, 52, 13, 51, 50, 12, 94, 7, 5, 24, 64, 53, 0, 97, 70, 33, 65, 70, 33, 36, 62, 75, 41, 8, 80, 19, 57, 66, 78, 49, 47, 69, 57, 52, 74, 95, 80, 25, 73, 30, 81, 12, 2, 92, 25, 96, 37, 88, 40, 28, 25, 38, 2, 75, 32, 0, 77, 98, 85, 54, 92, 31, 9, 71, 17, 81, 70, 71, 54, 47, 4, 25, 34, 28, 58, 80, 12, 8, 22, 1, 53, 42, 53, 86, 82, 15, 47, 5, 47, 10, 73, 52, 50, 42, 28, 40, 16, 60, 5, 25, 85, 76, 80, 38, 49, 93, 49, 22, 86, 24, 27, 64, 70, 93, 76, 86, 44, 37, 62, 7, 85, 12, 0, 54, 96, 74, 52, 6, 32, 38, 17, 27, 6, 87, 37, 96, 79, 39, 87, 37, 7, 37, 1, 52, 100, 62, 48, 78, 20, 22, 5, 98, 60, 88, 99, 76, 61, 81, 38, 77, 69, 3, 28, 85, 26, 66, 13, 90, 75, 44, 88, 57, 13


<Process name='Producer-2' parent=24528 started>: 19, 96, 73, 76, 80, 57, 26, 97, 36, 39, 62, 72, 4, 26, 59, 100, 17, 70, 37, 64, 50, 34, 51, 76, 48, 25, 70, 21, 4, 16, 44, 80, 58, 19, 13, 47, 2, 35, 52, 89, 51, 56, 49, 1, 51, 74, 48, 72, 37, 55, 99, 91, 87, 1, 40, 62, 89, 7, 53, 37, 59, 23, 88, 63, 89, 9, 26, 91, 42, 65, 50, 81, 85, 64, 79, 45, 85, 52, 13, 51, 50, 12, 94, 7, 5, 24, 64, 53, 0, 97, 70, 33, 65, 70, 33, 36, 62, 75, 41, 8, 80, 19, 57, 66, 78, 49, 47, 69, 57, 52, 74, 95, 80, 25, 73, 30, 81, 12, 2, 92, 25, 96, 37, 88, 40, 28, 25, 38, 2, 75, 32, 0, 77, 98, 85, 54, 92, 31, 9, 71, 17, 81, 70, 71, 54, 47, 4, 25, 34, 28, 58, 80, 12, 8, 22, 1, 53, 42, 53, 86, 82, 15, 47, 5, 47, 10, 73, 52, 50, 42, 28, 40, 16, 60, 5, 25, 85, 76, 80, 38, 49, 93, 49, 22, 86, 24, 27, 64, 70, 93, 76, 86, 44, 37, 62, 7, 85, 12, 0, 54, 96, 74, 52, 6, 32, 38, 17, 27, 6, 87, 37, 96, 79, 39, 87, 37, 7, 37, 1, 52, 100, 62, 48, 78, 20, 22, 5, 98, 60, 88, 99, 76, 61, 81, 38, 77, 69, 3, 28, 85, 26, 66, 13, 90, 75, 44, 88, 57, 13, 34, 84, 98, 78, 21, 39, 88, 11, 85, 49, 48, 87, 89, 25, 87


<Process name='Producer-2' parent=24528 started>: 19, 96, 73, 76, 80, 57, 26, 97, 36, 39, 62, 72, 4, 26, 59, 100, 17, 70, 37, 64, 50, 34, 51, 76, 48, 25, 70, 21, 4, 16, 44, 80, 58, 19, 13, 47, 2, 35, 52, 89, 51, 56, 49, 1, 51, 74, 48, 72, 37, 55, 99, 91, 87, 1, 40, 62, 89, 7, 53, 37, 59, 23, 88, 63, 89, 9, 26, 91, 42, 65, 50, 81, 85, 64, 79, 45, 85, 52, 13, 51, 50, 12, 94, 7, 5, 24, 64, 53, 0, 97, 70, 33, 65, 70, 33, 36, 62, 75, 41, 8, 80, 19, 57, 66, 78, 49, 47, 69, 57, 52, 74, 95, 80, 25, 73, 30, 81, 12, 2, 92, 25, 96, 37, 88, 40, 28, 25, 38, 2, 75, 32, 0, 77, 98, 85, 54, 92, 31, 9, 71, 17, 81, 70, 71, 54, 47, 4, 25, 34, 28, 58, 80, 12, 8, 22, 1, 53, 42, 53, 86, 82, 15, 47, 5, 47, 10, 73, 52, 50, 42, 28, 40, 16, 60, 5, 25, 85, 76, 80, 38, 49, 93, 49, 22, 86, 24, 27, 64, 70, 93, 76, 86, 44, 37, 62, 7, 85, 12, 0, 54, 96, 74, 52, 6, 32, 38, 17, 27, 6, 87, 37, 96, 79, 39, 87, 37, 7, 37, 1, 52, 100, 62, 48, 78, 20, 22, 5, 98, 60, 88, 99, 76, 61, 81, 38, 77, 69, 3, 28, 85, 26, 66, 13, 90, 75, 44, 88, 57, 13, 34, 84, 98, 78, 21, 39, 88, 11, 85, 49, 48, 87, 89, 25, 87, 19, 65, 26, 1, 91, 92, 41, 59, 23, 84, 75, 44, 53, 20, 74


<Process name='Producer-2' parent=24528 started>: 19, 96, 73, 76, 80, 57, 26, 97, 36, 39, 62, 72, 4, 26, 59, 100, 17, 70, 37, 64, 50, 34, 51, 76, 48, 25, 70, 21, 4, 16, 44, 80, 58, 19, 13, 47, 2, 35, 52, 89, 51, 56, 49, 1, 51, 74, 48, 72, 37, 55, 99, 91, 87, 1, 40, 62, 89, 7, 53, 37, 59, 23, 88, 63, 89, 9, 26, 91, 42, 65, 50, 81, 85, 64, 79, 45, 85, 52, 13, 51, 50, 12, 94, 7, 5, 24, 64, 53, 0, 97, 70, 33, 65, 70, 33, 36, 62, 75, 41, 8, 80, 19, 57, 66, 78, 49, 47, 69, 57, 52, 74, 95, 80, 25, 73, 30, 81, 12, 2, 92, 25, 96, 37, 88, 40, 28, 25, 38, 2, 75, 32, 0, 77, 98, 85, 54, 92, 31, 9, 71, 17, 81, 70, 71, 54, 47, 4, 25, 34, 28, 58, 80, 12, 8, 22, 1, 53, 42, 53, 86, 82, 15, 47, 5, 47, 10, 73, 52, 50, 42, 28, 40, 16, 60, 5, 25, 85, 76, 80, 38, 49, 93, 49, 22, 86, 24, 27, 64, 70, 93, 76, 86, 44, 37, 62, 7, 85, 12, 0, 54, 96, 74, 52, 6, 32, 38, 17, 27, 6, 87, 37, 96, 79, 39, 87, 37, 7, 37, 1, 52, 100, 62, 48, 78, 20, 22, 5, 98, 60, 88, 99, 76, 61, 81, 38, 77, 69, 3, 28, 85, 26, 66, 13, 90, 75, 44, 88, 57, 13, 34, 84, 98, 78, 21, 39, 88, 11, 85, 49, 48, 87, 89, 25, 87, 19, 65, 26, 1, 91, 92, 41, 59, 23, 84, 75, 44, 53, 20, 74, 65, 83, 35, 88, 9, 62, 30, 7, 14, 40, 8, 17, 93, 63, 16


<Process name='Producer-2' parent=24528 started>: 19, 96, 73, 76, 80, 57, 26, 97, 36, 39, 62, 72, 4, 26, 59, 100, 17, 70, 37, 64, 50, 34, 51, 76, 48, 25, 70, 21, 4, 16, 44, 80, 58, 19, 13, 47, 2, 35, 52, 89, 51, 56, 49, 1, 51, 74, 48, 72, 37, 55, 99, 91, 87, 1, 40, 62, 89, 7, 53, 37, 59, 23, 88, 63, 89, 9, 26, 91, 42, 65, 50, 81, 85, 64, 79, 45, 85, 52, 13, 51, 50, 12, 94, 7, 5, 24, 64, 53, 0, 97, 70, 33, 65, 70, 33, 36, 62, 75, 41, 8, 80, 19, 57, 66, 78, 49, 47, 69, 57, 52, 74, 95, 80, 25, 73, 30, 81, 12, 2, 92, 25, 96, 37, 88, 40, 28, 25, 38, 2, 75, 32, 0, 77, 98, 85, 54, 92, 31, 9, 71, 17, 81, 70, 71, 54, 47, 4, 25, 34, 28, 58, 80, 12, 8, 22, 1, 53, 42, 53, 86, 82, 15, 47, 5, 47, 10, 73, 52, 50, 42, 28, 40, 16, 60, 5, 25, 85, 76, 80, 38, 49, 93, 49, 22, 86, 24, 27, 64, 70, 93, 76, 86, 44, 37, 62, 7, 85, 12, 0, 54, 96, 74, 52, 6, 32, 38, 17, 27, 6, 87, 37, 96, 79, 39, 87, 37, 7, 37, 1, 52, 100, 62, 48, 78, 20, 22, 5, 98, 60, 88, 99, 76, 61, 81, 38, 77, 69, 3, 28, 85, 26, 66, 13, 90, 75, 44, 88, 57, 13, 34, 84, 98, 78, 21, 39, 88, 11, 85, 49, 48, 87, 89, 25, 87, 19, 65, 26, 1, 91, 92, 41, 59, 23, 84, 75, 44, 53, 20, 74, 65, 83, 35, 88, 9, 62, 30, 7, 14, 40, 8, 17, 93, 63, 16, 49, 85, 56, 14, 53, 15, 69, 66, 27, 2, 30, 83, 71, 42, 61


